4294967279,129
4294967279,128
4294967279,127
4294967279,126
4294967279,125
4294967279,124
4294967279,123
4294967279,122
4294967279,121
4294967279,120
4294967278,25
4294967278,24
4294967278,23
4294967278,22
4294967278,21
4294967278,20
4294967278,19
4294967278,18
4294967278,17
4294967278,16
4294967278,15
4294967278,14
4294967278,13
4294967278,12
4294967278,11
4294967278,10
4294967278,9
4294967278,8
4294967278,7
4294967278,6
4294967278,5
4294967278,4
4294967279,132
4294967279,131
4294967279,130
18,4
18,5
19,4
4294967278,288
4294967279,388
4294967279,161
4294967278,320
4294967279,387
4294967278,319
4294967279,158
4294967278,156
4294967279,156
4294967278,155
19,5
4294967278,318
4294967278,260
4294967278,0
18,6
4294967294,474
4294967279,290
4294967278,152
4294967279,152
4294967278,151
29,4
4294967279,151
29,3
29,2
29,1
4294967278,150
4294967279,150
28,4
4294967278,149
28,3
28,2
28,1
4294967279,149
4294967278,148
27,4
4294967279,148
27,3
27,2
27,1
4294967278,147
4294967279,147
26,4
4294967278,146
26,3
26,2
26,1
4294967279,146
4294967278,145
25,4
4294967279,145
25,3
25,2
25,1
4294967278,144
4294967279,144
24,4
4294967278,143
24,3
24,2
24,1
4294967279,143
4294967278,142
23,4
4294967279,142
23,3
23,2
23,1
4294967278,141
4294967279,141
22,4
4294967278,140
22,3
22,2
22,1
4294967279,140
4294967278,139
21,4
4294967279,139
21,3
21,2
21,1
4294967278,138
4294967279,279
20,4
4294967278,276
20,3
20,2
20,1
4294967279,137
4294967278,136
4294967279,136
19,3
19,2
19,1
4294967278,135
4294967279,135
4294967279,133
18,3
18,2
18,1
4294967279,291
4294967278,35
4294967278,34
4294967278,33
4294967278,32
4294967278,31
4294967278,30
4294967278,29
4294967278,28
4294967278,27
4294967278,26
4294967279,318
4294967279,317
4294967279,273
4294967294,107
4294967279,272
4294967294,94
4294967294,96
4294967279,271
17,4
17,3
17,2
17,1
4294967279,270
4294967294,69
4294967279,269
4294967278,44
4294967278,43
4294967278,42
4294967278,41
4294967278,40
4294967278,39
4294967278,38
4294967278,37
4294967278,36
4294967279,45
4294967279,43
4294967279,42
4294967279,40
4294967279,36
4294967279,34
4294967279,31
4294967279,28
4294967279,27
4294967279,25
4294967279,24
4294967279,23
4294967279,22
4294967279,20
4294967279,18
4294967279,15
4294967279,12
4294967279,11
4294967279,10
8,12
4294967294,20
4294967294,13
4294967294,80
4294967294,40
4294967294,387
4294967294,18
4294967294,1012
4294967294,1007
4294967294,438
4294967294,422
4294967294,402
4294967294,190
4294967294,185
4294967294,81
4294967294,182
4294967294,173
4294967294,170
4294967294,163
4294967294,162
4294967294,161
4294967294,426
4294967294,1359
4294967294,128
4294967294,186
4294967294,1003
10,3
4294967294,82
4294967294,92
4294967294,90
4294967294,88
4294967294,86
4294967294,85
4294967294,414
4294967294,1360
4294967294,53
4294967294,1357
4294967294,44
4294967294,205
8,3
4294967279,287
4294967279,268
4294967294,7
8,13
8,0
4294967278,314
4294967294,9
4294967279,267
4294967294,8
8,1
8,2
0,7
4294967294,99
4294967294,36
4294967294,41
4294967294,43
4294967294,418
4294967294,51
4294967294,1355
4294967278,130
4294967278,129
4294967278,128
4294967278,127
4294967278,126
4294967278,125
4294967278,124
4294967278,123
4294967278,122
4294967278,121
4294967278,120
4294967278,119
4294967278,118
4294967278,117
4294967278,116
4294967278,115
4294967278,114
4294967278,113
4294967278,112
4294967278,111
4294967278,110
4294967278,109
4294967278,108
4294967278,107
4294967278,106
4294967278,105
4294967278,104
4294967278,103
4294967278,102
4294967278,101
4294967278,100
4294967278,99
4294967278,98
4294967278,97
4294967278,96
4294967278,95
4294967278,94
4294967278,93
4294967278,92
4294967278,91
4294967278,90
4294967278,89
4294967278,87
4294967278,86
4294967278,85
4294967278,84
4294967278,83
4294967278,82
4294967278,81
4294967278,80
